camera_model: ''
cx: 3.0
cy: 6.0
fx: 1.0
fy: 4.0
k1: 11.0
k2: 22.0
k3: 55.0
p1: 33.0
p2: 44.0
